1 0.0328125 0.30625 0.046875 0.184375
0 0.5046875 0.4765625 0.109375 0.165625
0 0.3515625 0.475 0.103125 0.165625
0 0.6515625 0.5375 0.109375 0.1875
0 0.7046875 0.571875 0.078125 0.14375
0 0.5578125 0.384375 0.075 0.11875
0 0.446875 0.3609375 0.075 0.121875
0 0.9703125 0.4765625 0.059375 0.109375
0 0.8328125 0.4390625 0.06875 0.11875
0 0.8265625 0.3734375 0.0625 0.1
0 0.3546875 0.3875 0.084375 0.1125
0 0.8703125 0.4828125 0.0625 0.115625
0 0.8875 0.4 0.059375 0.090625
0 0.46875 0.4359375 0.0625 0.1125
0 0.953125 0.44375 0.05 0.090625