1 0.025 0.36875 0.0453125 0.1734375
0 0.50625 0.4671875 0.084375 0.146875
0 0.3609375 0.484375 0.078125 0.146875
0 0.6515625 0.5046875 0.08125 0.16875
0 0.70625 0.5296875 0.0578125 0.1296875
0 0.54375 0.3734375 0.0578125 0.1046875
0 0.434375 0.365625 0.0578125 0.1078125
0 0.9484375 0.40625 0.0484375 0.0984375
0 0.809375 0.3890625 0.0515625 0.1046875
0 0.7953125 0.3265625 0.0453125 0.090625
0 0.3515625 0.403125 0.06875 0.0984375
0 0.85 0.425 0.04375 0.1046875
0 0.85625 0.34375 0.0453125 0.08125
0 0.465625 0.4328125 0.0453125 0.1015625
0 0.9234375 0.3765625 0.0359375 0.08125
0 0.9875 0.3578125 0.021875 0.090625